0.012014
1.215492
0.000000
0.050643
0.015745
0.000000
0.000000
0.000000
0.060844
0.337061
0.002016
0.000000
0.003476
2.765024
0.141007
0.021882
0.000000
0.033972
0.028581
0.000000
0.000000
0.041731
1.420770
0.230987
0.045436
0.472626
0.476329
0.801975
0.000000
1.843467
0.005289
0.238850
0.234411
0.171617
0.000000
0.328619
0.000000
0.070076
0.000000
0.011389
0.000000
0.198689
0.037290
0.033835
0.026353
0.187374
0.000000
0.031481
0.547849
0.000000
0.006397
0.000000
0.000000
0.056303
0.000000
0.111669
1.026574
0.027713
0.002612
1.741438
0.001350
0.664692
0.480070
0.192843
0.073028
0.051971
0.033057
0.154210
0.018304
0.000000
0.207026
0.000000
0.000000
0.005707
0.605843
0.757544
0.164726
0.211209
0.081694
0.026736
0.036072
0.064979
0.001840
0.029265
0.180066
0.767049
1.115760
0.000000
2.123343
0.293388
0.341824
0.628503
0.026548
0.015462
0.009538
0.000000
0.036609
0.415771
0.719321
0.000000
1.044128
0.001468
0.064740
0.024518
0.611875
0.020787
0.035670
0.218804
0.278189
0.078860
0.031610
0.504046
0.000000
0.100793
0.034055
0.000000
1.006381
0.517745
0.527596
0.171056
0.099327
0.000000
0.244990
0.000000
0.000000
0.280336
0.000000
0.004828
0.008961
0.000000
0.063337
0.752927
0.002783
0.061482
0.000000
0.000000
0.150232
0.118905
0.209656
0.568642
0.052626
0.202753
0.000000
0.015925
0.069555
0.182177
0.028868
0.000000
0.166252
2.692277
0.006363
0.010566
0.000000
0.243434
1.450724
3.445127
0.000000
0.574903
0.000000
0.000000
0.048707
0.000000
1.043262
0.876125
1.409654
0.218960
0.032209
0.023817
0.252821
0.129791
0.000000
0.010799
0.000000
0.145145
0.091570
0.168312
0.101918
0.000000
0.000000
0.000000
0.000000
0.000000
0.310398
0.164548
0.000000
0.000000
0.000000
0.000000
0.496196
0.322079
0.008995
0.027095
1.516240
0.021165
0.171438
0.003434
0.006603
0.000527
0.232999
0.085062
0.000000
0.024818
0.052736
0.153270
0.388976
0.229796
0.000000
0.000446
0.000000
1.104038
0.094108
0.000000
0.005794
0.996208
0.315947
0.244834
0.114301
0.652605
2.269358
0.000000
0.000000
0.107146
0.041833
0.000000
0.099529
0.000000
0.591924
0.000000
0.009804
0.101048
0.026727
0.046060
0.000000
0.000000
1.384824
0.000000
0.000000
1.975034
0.134865
1.993386
0.108565
0.007185
0.000000
0.036162
0.276389
0.032794
0.431381
0.845276
0.378581
0.082397
0.692086
0.244896
0.018626
0.053632
0.729324
1.260286
0.074874
2.416605
1.303269
0.000000
0.091176
1.357614
0.370939
0.028476
0.041840
2.581855
0.320459
0.000000
2.290274
0.333979
0.005388
0.624318
0.000000
0.759736
3.899740
0.012149
0.019291
0.300449
0.175791
0.000000
0.125759
0.191424
0.294800
0.000000
0.000000
0.110852
0.314665
0.357645
0.011237
0.000000
0.000000
0.317547
0.011702
0.983613
0.004339
0.000890
0.000000
0.000000
0.000000
0.161039
2.168394
1.040690
0.333732
0.311181
0.818283
0.599654
0.000000
0.142808
0.245618
0.003611
0.000000
0.001362
0.246860
0.613066
0.000000
0.038937
0.000000
0.000000
0.056210
1.194158
0.385242
0.927761
0.059568
0.032003
0.000000
0.000000
0.023325
0.036938
0.524369
0.042722
0.000000
1.371974
0.281630
0.288925
0.000000
0.103495
0.000000
0.000000
0.681408
0.000000
0.304046
0.110357
0.000000
0.126743
0.000000
0.194358
0.000000
0.000000
0.071561
0.000000
0.194143
0.267085
0.128721
0.488365
0.012283
0.000000
0.165199
3.282692
0.135500
0.212306
0.334787
0.000000
0.027254
0.182036
0.000000
0.016776
0.044956
0.297711
0.000000
0.071986
0.000000
0.023745
0.107201
0.000000
0.093067
1.262833
0.226036
0.037541
0.013386
0.412900
0.088423
3.131099
0.211600
0.048017
0.000000
0.425589
3.735073
0.017760
0.060599
0.028387
0.000000
0.015105
0.097318
0.018147
0.022444
0.003525
1.508156
0.667568
1.032665
0.000000
0.302645
1.386542
0.000000
0.124711
0.801603
0.161220
0.071213
0.447339
0.089503
0.000000
0.012875
0.037115
0.007884
0.303180
0.056880
0.335388
0.051551
0.069452
0.000000
0.881201
0.000000
0.000000
0.059029
0.062724
0.000000
0.058815
0.071679
0.000000
0.784441
0.003201
0.003261
0.029400
0.337768
0.161416
0.131965
0.351833
0.000000
0.276632
3.223129
0.116508
0.001860
0.001492
0.099176
0.000000
0.000000
0.110898
0.754698
0.000000
0.055741
0.004030
0.232842
0.297596
0.000000
1.315744
0.136360
0.011577
0.809496
0.245153
0.000000
0.107456
0.000000
0.028671
1.050859
0.000000
0.320316
0.000000
0.051525
0.285885
0.490500
0.000000
0.029036
0.000000
0.014785
0.000000
0.082421
0.083370
0.302838
0.126936
0.151944
0.470696
0.960046
0.157211
0.479154
3.238376
1.230200
0.000000
0.000000
0.018447
0.709969
0.029283
0.424772
0.000000
0.000000
0.031046
0.436923
0.000000
1.582781
0.445817
0.111288
0.752539
0.138491
0.702007
0.035579
0.171115
0.052224
0.118138
0.000000
0.001900
0.248940
0.133079
0.000000
0.041502
0.384289
0.058217
0.000000
1.674313
0.306554
0.000000
0.000000
0.525066
0.079663
2.765705
0.036950
0.853602
0.123510
0.000000
0.006044
0.841968
0.350185
0.031756
0.033238
0.000000
0.000000
0.040087
0.000000
0.515313
0.637709
0.656333
0.142379
0.407277
0.026909
0.900926
0.093230
3.179137
0.122721
0.011340
0.000000
0.111397
0.002849
0.012543
0.000000
0.027739
0.000000
0.146913
0.884061
0.023592
0.000000
0.000000
0.000000
0.409744
0.094212
0.000000
0.151809
0.857002
0.032350
0.000000
0.219627
0.070157
0.054724
0.454962
0.170082
0.310168
0.020915
0.000000
0.224585
2.470331
0.063834
1.217109
0.000000
2.253458
0.076154
0.299105
0.119934
0.367638
0.444354
0.263425
0.006356
0.195852
0.364183
0.049552
1.016406
0.000000
0.049455
2.147712
0.300509
0.088685
0.127617
0.133685
0.042038
0.000000
0.207559
0.001866
0.212650
1.367705
0.091378
0.000000
0.091312
0.063628
0.075726
1.597064
0.067005
0.730180
0.218433
0.293017
0.184568
0.000000
1.282207
0.081495
0.110286
0.071580
0.011190
1.352480
0.051298
0.003228
2.283079
1.488343
0.000000
0.059653
0.006069
0.452894
5.174467
0.001724
1.368716
0.065136
0.000000
0.000000
1.313156
0.064665
0.000000
0.000000
0.029372
0.175825
0.177216
3.708640
0.943091
0.260971
1.245716
0.176257
0.566722
0.579328
0.000000
1.846940
0.618305
0.000000
0.396533
0.000000
0.273838
0.000830
0.070043
0.039239
0.000000
0.639000
0.073941
0.003648
0.089273
0.028961
3.005349
0.000000
0.005955
0.000000
0.000000
0.173543
0.000000
0.085017
1.047942
0.000000
0.380191
0.002617
0.203616
0.000000
0.009383
0.347230
0.009886
0.181678
0.297524
0.322620
1.744165
0.686342
1.804188
0.000000
0.000000
0.118433
0.027478
1.064508
0.186039
0.011128
0.003097
0.185091
0.010442
0.087926
0.217165
0.000000
0.022695
0.594770
0.072312
0.294564
0.071204
0.228340
0.000000
0.035200
0.005342
0.031019
0.482778
0.197476
0.774583
0.000000
0.099088
0.543109
0.281930
0.000000
0.049131
0.006156
0.456996
0.068647
0.000000
1.169307
0.131777
0.000000
0.000000
0.075706
0.287949
0.119938
0.087302
0.134069
0.226586
0.035304
0.000000
0.032179
0.003710
0.027479
0.000000
0.034232
0.426887
0.218005
0.010116
0.017520
0.000000
0.000000
0.016272
0.427685
0.128599
0.246179
0.532520
0.000000
0.012348
0.181145
0.686422
0.422850
0.388590
0.036743
0.000000
0.196609
0.000000
0.710792
0.486278
0.228237
0.000000
0.271785
0.090000
0.688725
0.018481
0.009902
0.000000
0.032822
0.093204
0.004879
0.775157
0.138103
0.000000
0.210312
0.014324
0.514940
0.000000
1.024015
0.027688
0.000000
0.025066
0.004412
0.000000
0.000000
0.154257
0.000000
0.013657
2.369900
0.050010
0.560024
0.004655
0.001960
0.112584
0.016045
0.000000
0.667051
0.000000
0.186734
0.218440
0.220827
0.000000
0.005492
0.000000
0.508272
0.459757
0.195530
0.089035
1.742750
0.275064
0.805688
0.000000
0.139229
3.351652
0.022309
0.071797
0.014920
0.000000
0.717308
0.014200
0.599551
0.414423
0.427572
0.000000
0.014709
0.089926
0.387738
0.508735
0.052391
0.018411
0.000000
0.000000
0.297796
0.000000
2.309464
0.039930
1.806334
0.048354
0.086593
0.376841
1.168891
0.007804
2.055337
0.000000
0.000000
0.120278
0.020761
1.232349
0.050091
0.080989
0.000000
0.077055
0.209532
0.334221
0.703117
0.182938
0.213788
0.000000
0.676022
0.041846
1.181066
0.143486
0.604631
0.799056
0.000000
0.006323
0.390112
0.000000
0.000000
0.546136
0.000000
0.000000
0.512602
0.007132
0.000569
0.701331
0.047412
0.000000
0.247339
0.187427
0.007675
0.383982
0.287215
0.036517
0.023988
0.251554
0.003121
0.000000
0.436484
0.013353
1.409307
0.165921
1.644490
0.107042
0.053771
0.003199
0.097887
0.026654
0.331075
0.013613
0.063169
0.055318
0.000546
1.288849
0.169781
0.819264
0.721343
0.043173
0.000000
0.000000
0.001565
0.108236
0.000000
0.078088
0.916892
0.350656
0.006525
0.902675
0.149272
0.009360
0.000000
0.000000
0.078115
0.013725
0.000000
0.022666
0.031033
0.323578
0.579326
0.125352
0.681298
0.000000
0.033551
0.000000
0.000000
0.681314
0.340722
0.000000
0.258631
0.950146
0.037507
0.000000
0.030643
0.000000
0.016391
0.012667
3.918973
0.213358
0.021250
0.339197
0.035612
0.285777
0.154275
0.333156
0.031784
0.460047
2.043053
0.000000
0.105907
0.000000
0.201801
0.000000
0.211539
1.077879
0.391837
0.023708
0.114799
0.000000
0.000000
0.000000
0.017721
0.000000
0.997966
0.617835
0.000000
0.000000
0.007372
0.143002
0.172957
0.027739
0.191976
0.482213
0.000000
0.268365
0.030329
0.003677
0.064366
0.302106
0.113519
0.512273
0.441785
0.000000
0.000000
1.813089
0.000000
0.162170
0.000000
0.306527
0.000000
0.124422
0.467991
0.299386
0.123419
0.033126
0.441940
0.192004
0.000000
0.000000
0.192798
0.059989
0.097844
0.000000
0.142274
0.022729
0.191642
0.000000
0.000000
0.046865
0.138365
